10
15
15 51 75 89 3 26 88 30 68 89 64 86 31 32 5 2
18 71 27 95 17 44 54 50 69 46 91 78 22 23 72 3
72 47 38 88 40 24 87 65 83 56 18 89 85 23 27 1
96 63 5 33 34 2 24 37 48 36 20 30 74 33 72 5
83 12 80 86 41 29 47 54 62 44 9 86 76 49 78 9
41 16 1 10 82 67 75 14 38 45 75 1 45 87 73 4
60 76 8 86 86 79 84 2 11 87 6 10 96 55 70 3
49 79 80 95 95 18 19 34 20 89 93 17 2 5 51 3
30 8 15 33 30 5 74 22 65 73 7 80 99 97 86 7
11 28 26 18 88 11 29 4 47 24 77 57 23 79 77 4
508 523 693 572 530 641 806 568 822 545 626 558 505 999 599 421 