20
15
61 74 13 79 72 23 29 53 37 4 7 60 25 86 1 2
49 17 47 29 19 7 74 55 56 51 46 85 7 48 18 2
76 8 35 25 77 4 46 6 96 99 62 79 71 9 24 3
66 39 12 54 98 5 5 83 0 43 59 48 6 69 68 7
23 39 25 9 44 64 3 74 86 25 81 92 97 4 94 6
20 9 91 36 5 55 65 77 26 56 39 47 37 43 20 3
79 59 85 1 82 61 76 45 53 87 55 19 56 12 31 0
21 73 91 38 91 99 82 81 24 80 6 11 79 8 55 8
46 7 7 21 21 74 7 86 95 98 28 60 22 97 19 9
90 2 72 2 2 95 39 98 46 15 65 90 3 65 18 4
14 11 91 57 66 94 47 86 11 5 58 78 58 65 4 4
43 49 97 90 97 4 29 24 35 61 71 10 47 3 80 9
20 70 82 63 67 95 81 40 35 4 52 87 0 71 15 7
79 99 4 67 86 90 58 18 56 0 32 36 38 91 25 2
80 94 14 78 23 95 73 45 37 4 47 77 76 99 29 9
79 29 79 60 49 51 43 16 6 25 86 11 40 9 92 2
53 45 60 43 82 29 33 69 5 16 58 97 73 80 80 2
67 63 66 78 73 43 97 84 44 59 39 61 93 78 72 5
10 82 50 28 21 36 54 95 73 74 2 55 26 90 81 2
62 33 33 49 61 65 44 0 38 57 63 58 18 11 82 1
516 776 692 921 925 783 850 522 426 795 429 407 461 521 904 415 